##FastQC	0.12.1
>>Basic Statistics	pass
#Measure	Value
Filename	SRR7897501.sra.fastq
File type	Conventional base calls
Encoding	Sanger / Illumina 1.9
Total Sequences	6067311
Total Bases	306.4 Mbp
Sequences flagged as poor quality	0
Sequence length	35-51
%GC	46
>>END_MODULE
>>Per base sequence quality	pass
#Base	Mean	Median	Lower Quartile	Upper Quartile	10th Percentile	90th Percentile
1	30.06747667953728	32.0	32.0	32.0	27.0	32.0
2	29.72720897280525	32.0	32.0	32.0	22.0	32.0
3	28.376387332048743	27.0	27.0	37.0	22.0	37.0
4	31.158983279413235	37.0	27.0	37.0	22.0	37.0
5	32.508924464231356	37.0	27.0	37.0	22.0	37.0
6	34.69810184445795	37.0	32.0	41.0	22.0	41.0
7	35.915838828766155	37.0	32.0	41.0	27.0	41.0
8	36.73254840571054	41.0	37.0	41.0	27.0	41.0
9	37.22296763755806	41.0	37.0	41.0	27.0	41.0
10	37.39698525425843	41.0	37.0	41.0	27.0	41.0
11	37.546442567391054	41.0	37.0	41.0	27.0	41.0
12	37.93237514938661	41.0	37.0	41.0	32.0	41.0
13	38.04067007608478	41.0	37.0	41.0	32.0	41.0
14	38.13348928380299	41.0	37.0	41.0	32.0	41.0
15	38.27650008380978	41.0	37.0	41.0	32.0	41.0
16	38.34459318139452	41.0	37.0	41.0	32.0	41.0
17	38.196443366756704	41.0	37.0	41.0	32.0	41.0
18	38.469096771205564	41.0	37.0	41.0	32.0	41.0
19	38.42248963338125	41.0	37.0	41.0	32.0	41.0
20	38.40645781961729	41.0	37.0	41.0	32.0	41.0
21	38.397170014855014	41.0	37.0	41.0	32.0	41.0
22	38.447571584842116	41.0	37.0	41.0	32.0	41.0
23	38.49598940947646	41.0	37.0	41.0	32.0	41.0
24	38.49407472272313	41.0	37.0	41.0	32.0	41.0
25	38.45634482887065	41.0	37.0	41.0	32.0	41.0
26	38.368387247662106	41.0	37.0	41.0	32.0	41.0
27	38.374086147883304	41.0	37.0	41.0	32.0	41.0
28	38.40237973626208	41.0	37.0	41.0	32.0	41.0
29	38.319525404252396	41.0	37.0	41.0	32.0	41.0
30	38.306359604773846	41.0	37.0	41.0	32.0	41.0
31	38.122382880983025	41.0	37.0	41.0	32.0	41.0
32	37.99397179409462	41.0	37.0	41.0	32.0	41.0
33	37.94031903095127	41.0	37.0	41.0	32.0	41.0
34	37.92266689477431	41.0	37.0	41.0	32.0	41.0
35	37.82115817039872	41.0	37.0	41.0	32.0	41.0
36	37.89695537636751	41.0	37.0	41.0	32.0	41.0
37	37.91538667950807	41.0	37.0	41.0	32.0	41.0
38	37.89350685659031	41.0	37.0	41.0	32.0	41.0
39	37.67345782422621	41.0	37.0	41.0	32.0	41.0
40	37.65246371491407	41.0	37.0	41.0	27.0	41.0
41	37.497754862923	41.0	37.0	41.0	27.0	41.0
42	37.31342081646965	41.0	37.0	41.0	27.0	41.0
43	37.066400557248116	41.0	37.0	41.0	27.0	41.0
44	36.847608379637	41.0	37.0	41.0	27.0	41.0
45	36.87036952329871	41.0	37.0	41.0	27.0	41.0
46	36.922091162187044	41.0	37.0	41.0	27.0	41.0
47	36.92975664741261	41.0	37.0	41.0	27.0	41.0
48	36.84828698148427	41.0	37.0	41.0	27.0	41.0
49	36.67873377719054	41.0	37.0	41.0	27.0	41.0
50	36.439894791431655	41.0	37.0	41.0	27.0	41.0
51	34.92426581353188	37.0	32.0	41.0	22.0	41.0
>>END_MODULE
>>Per sequence quality scores	pass
#Quality	Count
2	1227.0
3	0.0
4	0.0
5	0.0
6	0.0
7	0.0
8	0.0
9	0.0
10	0.0
11	0.0
12	0.0
13	0.0
14	0.0
15	0.0
16	3.0
17	6.0
18	14.0
19	58.0
20	206.0
21	514.0
22	1172.0
23	2620.0
24	5016.0
25	9193.0
26	15211.0
27	24091.0
28	36636.0
29	53942.0
30	77279.0
31	110035.0
32	157148.0
33	230544.0
34	344035.0
35	520833.0
36	779501.0
37	1123746.0
38	1418639.0
39	1068029.0
40	87613.0
>>END_MODULE
>>Per base sequence content	fail
#Base	G	A	T	C
1	29.85453303570103	15.931874539074139	37.27338121187824	16.940211213346597
2	35.41855918227825	18.070383524729905	29.367087814428295	17.143969478563545
3	37.000429284453375	18.655887956098248	28.244559594375644	16.099123165072733
4	35.31204568087842	19.34884504547663	27.939512202520145	17.39959707112481
5	35.169888844269224	19.07830488334814	28.21734746831729	17.53445880406536
6	34.98215314860265	18.316200839557037	28.172934770137303	18.52871124170301
7	32.488176413888894	17.96286646358019	29.737260785555286	19.811696336975626
8	31.655166661061735	17.52240819612785	30.923145805432302	19.89927933737812
9	31.09017283638011	17.599838709783775	31.005109721527102	20.304878732309014
10	29.249924663094017	18.301543466921988	31.066401322500642	21.382130547483353
11	27.377299753844493	20.005360954447713	31.13201201961595	21.485327272091848
12	27.67406452004291	22.444760079154854	29.50926825279703	20.371907148005203
13	24.265456924104576	24.53012520103579	31.965333813379438	19.23908406148019
14	23.951217952141775	25.04294368492095	31.99495753767999	19.010880825257285
15	23.902537452498184	24.820394837921796	31.54565614323837	19.73141156634165
16	23.834008892722224	24.53193856201134	31.041920949330738	20.592131595935697
17	23.83511339440733	24.477372881747105	30.917952999002324	20.769560724843245
18	23.773492091438232	24.748404407192513	30.5832395331156	20.894863968253656
19	23.79882968979658	24.70790051703867	30.299580421240456	21.193689371924293
20	23.56302682257615	24.924432302618953	30.41370676700158	21.09883410780332
21	23.594945865396173	24.98188699363329	30.39477039796521	21.028396743005327
22	23.471567489009384	24.907337254149464	30.36995531219152	21.25113994464963
23	23.49885137668283	24.706711145388642	30.491291598645592	21.303145879282937
24	23.35827730763365	24.709885118117704	30.514078904520662	21.417758669727984
25	23.33199711826064	24.52570273727313	30.214713987038767	21.927586157427463
26	23.53482757511818	24.45020527066126	30.073293870574354	21.941673283646207
27	23.586118750077308	24.299278890753392	30.058257711003822	22.056344648165478
28	23.291394107881327	24.352579768697087	30.197660714162016	22.158365409259574
29	23.408757876791185	24.597773155011556	30.286299216131034	21.707169752066225
30	23.171190157162684	24.71333980060759	30.444283926426152	21.67118611580358
31	23.182806547595973	24.809642670791234	30.267545314670063	21.74000546694273
32	23.056481080035926	25.062510022390764	30.184570368566614	21.696438529006695
33	22.803352768452708	25.30374007943546	30.146983486775582	21.745923665336253
34	22.85837233211768	25.43180535318024	30.03498464440913	21.674837670292952
35	22.67537603798629	25.63810456657864	29.978670994730948	21.707848400704126
36	22.669194316550193	25.77367885435941	29.75467791523671	21.802448913853688
37	22.715092136961623	25.92375427547121	29.632056157157127	21.729097430410032
38	22.615434660014092	25.905832231841558	29.76599083015319	21.71274227799116
39	22.62989542345578	26.260711833522592	29.271397258826948	21.837995484194682
40	22.682528028796987	26.351525779362646	29.4240470935288	21.54189909831157
41	22.46178677982206	26.693393938773667	29.444194452872257	21.40062482853201
42	22.287497796082672	27.049445009043488	29.41270473318898	21.25035246168486
43	21.982685819526044	27.355117358179985	29.34873288827508	21.313463934018888
44	21.716842822034753	27.54321216776446	29.478818756237207	21.261126253963578
45	21.429487917293415	27.84963177795014	29.434777460850658	21.286102843905788
46	21.3278427552719	27.966792201467168	29.52782702762713	21.177538015633807
47	21.364108665240785	27.906603684499764	29.3872898864869	21.341997763772554
48	21.299771499833657	27.752012574481693	29.44883050546946	21.49938542021519
49	21.29788903660071	26.874392831388672	29.88200778089271	21.9457103511179
50	21.043251854176027	23.837408736280977	31.916827567545404	23.202511841997595
51	22.810492004926335	0.0	44.54047545951943	32.649032535554234
>>END_MODULE
>>Per sequence GC content	fail
#GC Content	Count
0	1427.0
1	803.0
2	179.0
3	189.0
4	243.5
5	296.5
6	314.0
7	550.0
8	872.0
9	1094.0
10	1482.0
11	1910.0
12	2069.0
13	2650.0
14	3301.5
15	4713.5
16	6078.5
17	9924.5
18	13862.5
19	21313.0
20	28920.0
21	40050.5
22	51279.5
23	68257.0
24	85181.0
25	102947.5
26	134686.5
27	156561.0
28	179354.5
29	200803.5
30	222018.0
31	242194.5
32	258840.0
33	274639.5
34	291601.5
35	306102.0
36	314747.0
37	322193.5
38	323156.5
39	321408.0
40	320293.0
41	320651.0
42	320836.0
43	321030.0
44	318487.5
45	311641.5
46	303235.0
47	296823.5
48	294231.5
49	294129.5
50	299126.5
51	305827.0
52	307463.5
53	306133.0
54	314098.0
55	322833.0
56	326691.0
57	329205.0
58	323604.0
59	317052.5
60	292694.0
61	261505.5
62	226430.5
63	195456.5
64	165197.5
65	135366.0
66	108215.0
67	81379.5
68	66652.0
69	54487.0
70	48178.5
71	42683.5
72	37090.5
73	31782.5
74	25659.5
75	17093.0
76	13185.5
77	9303.0
78	5403.0
79	3314.0
80	1241.5
81	768.0
82	296.5
83	220.0
84	137.5
85	86.5
86	48.0
87	29.0
88	10.0
89	5.5
90	1.0
91	0.5
92	0.0
93	0.5
94	1.0
95	0.5
96	0.0
97	0.0
98	0.0
99	0.0
100	0.0
>>END_MODULE
>>Per base N content	pass
#Base	N-Count
1	0.10121452485293732
2	0.04700599656091471
3	0.023123917663030624
4	0.02023960861739245
5	0.020223126851417375
6	0.020684616298719483
7	0.020734061596644707
8	0.020223126851417375
9	0.020223126851417375
10	0.020223126851417375
11	0.020223126851417375
12	0.020223126851417375
13	0.020223126851417375
14	0.020223126851417375
15	0.020223126851417375
16	0.020223126851417375
17	0.020223126851417375
18	0.020223126851417375
19	0.020223126851417375
20	0.020223126851417375
21	0.02023960861739245
22	0.020223126851417375
23	0.029485879329409687
24	0.03932549361652963
25	0.04809379311526968
26	0.05547762427210341
27	0.061575877682881267
28	0.06745986813598313
29	0.07520629814426852
30	0.08230993927952597
31	0.0893641351168582
32	0.0969622292313679
33	0.10367030798322353
34	0.1096367072662008
35	0.11568551537905342
36	2.8053138585144903E-4
37	0.0
38	0.0
39	0.0014854402102062946
40	0.0
41	0.0
42	0.0
43	3.632216905427143E-4
44	0.0
45	0.0
46	0.0
47	0.0012072373382301968
48	1.3281014988289464E-4
49	0.0
50	6.141561918414408E-4
51	0.0
>>END_MODULE
>>Sequence Length Distribution	warn
#Length	Count
35	7383.0
36	362.0
37	359.0
38	397.0
39	398.0
40	430.0
41	586.0
42	489.0
43	511.0
44	675.0
45	2685.0
46	6172.0
47	23228.0
48	111975.0
49	375610.0
50	1620765.0
51	3915286.0
>>END_MODULE
>>Sequence Duplication Levels	warn
#Total Deduplicated Percentage	50.474677563667214
#Duplication Level	Percentage of total
1	33.308995915003756
2	20.094919900357297
3	10.819516571765613
4	5.481183827990422
5	3.1533630107910833
6	2.120729209003937
7	1.545657354183717
8	1.2689395960766454
9	0.9752951956287926
>10	10.866445227856014
>50	2.7777437764839994
>100	4.458384544310613
>500	1.4052218390763629
>1k	1.6384902868649218
>5k	0.08511374460680943
>10k+	0.0
>>END_MODULE
>>Overrepresented sequences	pass
>>END_MODULE
>>Adapter Content	pass
#Position	Illumina Universal Adapter	Illumina Small RNA 3' Adapter	Illumina Small RNA 5' Adapter	Nextera Transposase Sequence	PolyA	PolyG
1	4.9445297925225856E-5	0.0	0.0	0.0	0.010894447309524763	1.6481765975075285E-5
2	4.9445297925225856E-5	0.0	0.0	0.0	0.012427251545206765	3.296353195015057E-5
3	4.9445297925225856E-5	0.0	0.0	0.0	0.013894128716988466	6.592706390030114E-5
4	4.9445297925225856E-5	0.0	0.0	0.0	0.017256408975903824	1.3185412780060228E-4
5	4.9445297925225856E-5	0.0	0.0	0.0	0.030738493543515405	2.4722648962612927E-4
6	4.9445297925225856E-5	0.0	0.0	0.0	0.048604727860497014	2.8019002157627987E-4
7	4.9445297925225856E-5	0.0	0.0	0.0	0.06777302168950956	3.6259885145165625E-4
8	4.9445297925225856E-5	0.0	0.0	0.0	0.08453497768616114	3.6259885145165625E-4
9	4.9445297925225856E-5	0.0	0.0	0.0	0.09928615823385352	3.9556238340180685E-4
10	4.9445297925225856E-5	0.0	0.0	3.296353195015057E-5	0.11299898752511615	3.9556238340180685E-4
11	4.9445297925225856E-5	0.0	0.0	3.296353195015057E-5	0.12714034273173075	4.450076813270327E-4
12	4.9445297925225856E-5	0.0	0.0	3.296353195015057E-5	0.14335840045120482	4.450076813270327E-4
13	4.9445297925225856E-5	0.0	0.0	3.296353195015057E-5	0.16129056183208673	4.7797121327718324E-4
14	4.9445297925225856E-5	0.0	0.0	3.296353195015057E-5	0.17534950820882594	4.7797121327718324E-4
15	4.9445297925225856E-5	0.0	0.0	3.296353195015057E-5	0.18782620505195793	4.7797121327718324E-4
16	4.9445297925225856E-5	0.0	0.0	3.296353195015057E-5	0.1997095583199872	4.944529792522585E-4
17	4.9445297925225856E-5	0.0	0.0	3.296353195015057E-5	0.21095012271498856	5.274165112024091E-4
18	4.9445297925225856E-5	0.0	0.0	3.296353195015057E-5	0.22174567942866288	5.603800431525597E-4
19	8.240882987537643E-5	0.0	0.0	3.296353195015057E-5	0.23255771790831226	6.098253410777855E-4
20	9.889059585045171E-5	0.0	0.0	3.296353195015057E-5	0.2428093763448091	6.263071070528608E-4
21	1.3185412780060228E-4	0.0	0.0	3.296353195015057E-5	0.25317640714313144	6.263071070528608E-4
22	2.8019002157627987E-4	0.0	0.0	3.296353195015057E-5	0.2631149120261018	6.263071070528608E-4
23	9.394606605792912E-4	0.0	0.0	3.296353195015057E-5	0.2739928775696515	6.263071070528608E-4
24	0.001499840703731851	0.0	0.0	3.296353195015057E-5	0.2850026972410018	6.263071070528608E-4
25	0.001961330151033959	0.0	0.0	3.296353195015057E-5	0.29607844397625244	6.263071070528608E-4
26	0.0023404107684606903	0.0	0.0	3.296353195015057E-5	0.310434062140543	6.263071070528608E-4
27	0.002538191960161594	0.0	0.0	3.296353195015057E-5	0.325317096816036	6.263071070528608E-4
28	0.0026865278539372713	0.0	0.0	3.296353195015057E-5	0.3386178819579217	6.263071070528608E-4
29	0.0027689366838126476	0.0	0.0	3.296353195015057E-5	0.3549018667412961	6.427888730279361E-4
30	0.002884309045638175	0.0	0.0	3.296353195015057E-5	0.3733779263993555	6.427888730279361E-4
31	0.002950236109538476	0.0	0.0	3.296353195015057E-5	0.3942438421238008	6.427888730279361E-4
32	0.002999681407463702	0.0	0.0	3.296353195015057E-5	0.41735127802085636	6.922341709531619E-4
33	0.0035106161526910354	0.0	0.0	3.296353195015057E-5	0.4432935776656248	7.251977029033125E-4
34	0.0038402514721925414	0.0	0.0	3.296353195015057E-5	0.4709994262697264	7.251977029033125E-4
35	0.004153405025718972	0.0	0.0	4.9445297925225856E-5	0.5018862557070175	7.416794688783878E-4
36	0.004664339770946306	0.0	0.0	4.9445297925225856E-5	0.5349651600189936	7.416794688783878E-4
37	0.004664339770946306	0.0	0.0	4.9445297925225856E-5	0.5705492927591811	7.581612348534631E-4
38	0.004664339770946306	0.0	0.0	4.9445297925225856E-5	0.6090342163109819	7.581612348534631E-4
39	0.004664339770946306	0.0	0.0	4.9445297925225856E-5	0.6482608193316611	7.581612348534631E-4
40	0.004664339770946306	0.0	0.0	4.9445297925225856E-5	0.6482608193316611	7.581612348534631E-4
>>END_MODULE
